商品代碼	商品名稱	商品數量	商品權重
2330	台積電	564774629	56.43
2454	聯發科	34011044	6.47
2308	台達電	44615428	3.53
2317	鴻海	282165493	2.79
3711	日月光投控	76665950	2.2
2383	台光電	6718997	1.56
2303	聯電	269481630	1.54
3037	欣興	30481785	1.54
1303	南亞	113857992	1.29
2881	富邦金	192773205	1.15
2891	中信金	408836043	1.08
3017	奇鋐	7392967	1.05
2882	國泰金	220442752	0.95
2345	智邦	11453665	0.91
2327	國巨*	36395744	0.88
2887	台新新光金	541412019	0.87
2382	廣達	61128201	0.79
2360	致茂	8519740	0.77
2885	元大金	265096279	0.71
2059	川湖	1274536	0.65
2884	玉山金	369406380	0.65
6669	緯穎	7166541	0.63
2408	南亞科	29829852	0.61
2357	華碩	15597760	0.6
3443	創意	1859002	0.6
3008	大立光	2173121	0.58
3653	健策	2014750	0.55
2883	凱基金	363891859	0.53
2890	永豐金	302733801	0.53
2301	光寶科	45222245	0.52
2886	兆豐金	273340128	0.52
3231	緯創	69808595	0.51
2412	中華電	88250871	0.5
2344	華邦電	71510708	0.49
4958	臻鼎-KY	18256345	0.41
2368	金像電	8047867	0.39
2892	第一金	259063211	0.39
2880	華南金	214759873	0.38
3665	貿聯-KY	4134987	0.37
8046	南電	5794991	0.34
1216	統一	114487754	0.33
6446	藥華藥	7239565	0.33
2395	研華	10663195	0.3
2449	京元電子	26443496	0.3
7769	鴻勁	1317261	0.3
5880	合庫金	248924771	0.25
2603	長榮	25217026	0.23
4904	遠傳	41043067	0.17
3045	台灣大	32780308	0.16
6505	台塑化	26709121	0.1
